10e01,188
10e00,302
10e-1,417
10e-2,530
10e-3,644
10e-4,756
10e-5,869
10e-6,982
10e-7,1094

674
689
708
729
751
776
812
838
896
911
990
1026
1057
1053


674,689,708,729,751,776,812,838,896,911,990,1026,1057,1053


188 ,302 ,417 ,530 ,644 ,756 ,869 ,982 ,1094


0.000510463391717 6.53010767775 
0.000376028912711 9.23496684163
0.000255316948991 13.0602153555
0.000166432807055 18.4699336833
0.000106303771413 26.120430711
6.38718851735e-05 36.9398673665
3.06708395267e-05 52.240861422
1.80566495068e-05 73.8797347331
5.53812599411e-06 104.481722844
4.07961771561e-06 147.759469466
8.15651097294e-07 208.963445688
3.91670041473e-07 295.518938932
2.08249549602e-07 417.926891376
2.25934369169e-07 591.037877865


6.53010767775
9.23496684163
13.0602153555
18.4699336833
26.120430711
36.9398673665
52.240861422
73.8797347331
104.481722844
147.759469466
208.963445688
295.518938932
417.926891376
591.037877865

